153.125 0 0
-0.241714 0.0263364 -2.93892
1.16438 2.38244 -82.569
1.15147 2.52866 70.6868
-0.956344 2.63035 70.6865
-1.15101 2.49413 -82.5693
-1.15101 2.49413 -82.5693
-0.956344 2.63035 70.6865
-1.85161 2.08859 70.687
-1.83776 2.07855 -82.5689
-1.83776 2.07855 -82.5689
-1.85161 2.08859 70.687
-1.87958 -2.01832 70.6909
-1.86537 -1.97346 -82.5651
-1.86537 -1.97346 -82.5651
-1.87958 -2.01832 70.6909
-1.32461 -2.56236 70.6914
-1.39913 -2.4305 -82.5646
-1.39913 -2.4305 -82.5646
-1.32461 -2.56236 70.6914
1.11709 -2.51777 70.6916
1.13191 -2.38428 -82.5644
1.13191 -2.38428 -82.5644
1.11709 -2.51777 70.6916
1.15147 2.52866 70.6868
1.16438 2.38244 -82.569